natives_american_inuit = {
	graphical_culture = inuitgfx
	color = { 0 255  255 }
	icon = 4
	
	unit = native_indian_archer
	
	provinces = {
	
	    ### START colonial_northwest_territories from 01_vu_colonial_regions.txt ###
		
			1812 1814 2017 2018 2599 2600 2601 2602 4980 4983 4985 4986 4987 4989 4976 4977 4978 4981 4984 5000 5001 5033 5040 5041 5072 5073 
			5074 5075 5078 5079 5080 5081 5082 5083 5084 5085 5086 5087 5114 5122 5126 5192 5193 5195 5196 5197 5783 5784 5785 5891 5894 5895 5896 
			5897 5898 5899 5900 8010
		
		### END colonial_northwest_territories ###
	
		### START colonial_hudson_bay from 01_vu_colonial_regions.txt ###
		
			906 999 1000 1003 1004 1005 1006 1008 1009 1010 1011 1805 1806 1811 1813 2005 2007 2016 2510 2511 2592 2593 2594 2596 2597 2595 4902 
			4919 4920 4990 4991 4992 4993 4994 4995 4996 4997 4998 4999 5002 5003 5004 5005 5006 5007 5008 5035 5036 5067 5068 5069 5592 5593 5594 
			5595 5596 5789 5088 5089 5573 5580 5587 5611 5624 5636 5637 5639 5640 5641 5787 5788 5901 5902 5903 5070 5071 998
		
		### END colonial_hudson_bay ###
		
		### START colonial_greenland from 01_vu_colonial_regions.txt ###
		
			1104 1105 1804 3111 3112 3113 5588 5589 5590
		
		### END colonial_greenland ###
		
		### START colonial_alaska from 00_colonial_regions.txt ###
		
			976 977 978 979 1810 2611 2612 2613 4924 4925 4928 4929 4930 4932 4931 4933 4968 4969 4970 4971 4926 4927 5076 5077 5173 5174 5175 5176 5177 
			5178 5184 5185 5186 5187 5188 5189 5190 5191 5194 5533 5535 5536 5722 5723 5724 5726 5727 5728 5778 5095 5111 5112 5725 5863 5864 5866 5905 
			5906 5907 5908 5909 5910 5911 5912 5913 5914 5915 5916 5917 5918 5919 8000 8001 8002 8003 8004 8005 8006 8007 8008 8009 8011 8012
		
		### END colonial_alaska ###
		
		### START colonial_canada from 00_colonial_regions.txt ###
		
			986 987 988 989 990 991 992 993 994 995 996 1001 1002 1007 1490 2012 2015 2576 2577 2578 2579 2580 2581 2582 2583 2584 2585 2586 2587 2588 
			2589 2590 2591 2670 2671 4890 4892 4893 4894 4895 4897 4973 5009 5010 5011 5012 5037 5038 5039 5053 5054 5055 5056 5057 5060 5904 
		
		### END colonial_canada ###
		
		5591 # Jan Mayen
		
	}
}

natives_american_na = {
	graphical_culture = northamericagfx
	color = { 0 255  0 }
	icon = 1
	
	unit = native_indian_archer
	
	provinces = {
		
		### START colonial_cascadia from 01_vu_colonial_regions.txt ###
		
			872 873 874 972 973 974 975 1913 2003 2004 2019 2020 2022 2481 2482 2483 2484 2485 2486 2487 2488 2489 2603 2604 2605 2606 2607 2609 2610 
			4941 4949 4946 4958 4947 4948 4960 4940 4942 4943 4944 4945 4961 4957 4972 4982 4988 5115 5116 5117 5142 5198 5612 5613 5630 5631 5729 
			5730 5731 5732 5733 5734 5735 5736 5737 5738 5739 5740 5741 5742 5743 5744 5745 5746 5747 5748 5749 5750 5751 5752 5753 5754 5755 5756 
			5758 5759 5760 5761 5762 5777 5779 5780 5781 5782 5776 5790 5801 5804 5805 5806 5807 5808 5809 5810 5811 5812 5813 5816 5819 5820 5824 
			5825 5867 5868 5869 5870 5871 5872 5873 5874 5875 5876 5877 5878 5879 5880 5881 5882 5883 5884 5885 5886 5887 5888 5889 5890 5892 5893 
			6933 6934
		
		### END colonial_cascadia ###
		
		### START colonial_newfoundland from 01_vu_colonial_regions.txt ###
		
			980 981 997 2573 2574 2575 4974 5013 5014 5015 5019 5058 5059 
		
		### END colonial_newfoundland ###
		
		### START colonial_acadia from 01_vu_colonial_regions.txt ###
		
			982 983 984 985 2568 2569 2570 2571 2572 4891 4896 5046 5047 5048 5049 5050 5051
		
		### END colonial_acadia ###
		
		### START colonial_eastern_america from 00_colonial_regions.txt ###
		
			929 931 932 933 936 937 938 949 950 952 953 955 956 957 962 963 965 966 967 968 970 971 930 959 960 961 964 969 2010 2011 2013 2023 2537 
			2538 2539 2540 2541 2542 2543 2544 2545 2546 2547 2548 2549 2550 2552 2553 2554 2556 2557 2558 2559 2560 2561 2562 2563 2564 2565 2566 
			2567 2639 4871 4873 4874 4876 4877 4878 4879 4880 4881 4882 4912 5052 5711 5712 5713 5714 5920 5921 5922 5923 5935 5936 5937 5938 5939 
			5940 5951 5952 5953 5954 5955 5956 5957 5958 5959 5960 5969 5970 5971 5972 5973 5974 5975 5976 5977 5978 5979 5980 5981 5982 5984 5986 
			5987 5988 5989 5924 5925 5990 5991 5992 6007 6008 6009 6019 6020 6039 6040
		
		### END colonial_eastern_america ###
		
		### START colonial_florida from 01_vu_colonial_regions.txt ###
			
			893 921 922 923 926 927 928 2530 2533 2534 2535 2536 4625 4626 4884 5994 5995 5996 5997 5998 5999 6000 6001 6002 6003 6004 6005 6006
			
		### END colonial_florida ###
		
		### START colonial_mississippi from 01_vu_colonial_regions.txt ###
			
			918 919 920 924 925 934 935 939 940 941 2526 2527 2528 2529 2531 2532 4883 4887 4888 4913 4921
			
		### END colonial_mississippi ###
		
		### START colonial_great_lakes from 01_vu_colonial_regions.txt ###
			
			893 910 911 912 913 914 915 916 917 919 920 921 922 924 925 942 943 944 945 946 947 948 951 954 958 2517 2518 2519 2520 2521 2522 
			2523 2524 2525 2528 2529 2530 2531 2551 2555 4872 4875 4883 4884 4889 4898 4899 4903 4904 4907 4922 5143 5621
			
		### END colonial_great_lakes ###
		
		### START colonial_louisiana from 00_colonial_regions.txt ###
		
			889 890 891 892 894 895 896 897 898 899 900 901 902 903 904 905 907 908 909 1809 2006 2008 2009 2014 2501 2502 2503 2504 2505 2507 2508 2509 
			2512 2513 2514 2515 2516 2598 2625 2672 2506 4885 4886 4900 4901 4905 4906 4908 4914 4915 4916 4917 4918 4923 4959 5034 5065 5200 5614 
			5615 5616 5617 5618 5619 5620 5622 5623 5625 5626 5627 5628 5629 5632 5633 5634 5635 5638 5786 5837 5846 5993
		
		### END colonial_louisiana ###
		
		### START colonial_california from 00_colonial_regions.txt ###
		
			867 868 869 870 871 875 876 877 878 879 880 881 882 1808 2021
			2476 2477 2478 2479 2480 2490 2491 2492 2493 2494 2495 2496 2608 4630 4631 4632 4634 4635 4636 4637 4638 4639 4950 4951 4952 4953 4954 
			4955 4956 4962 4963 4965 4966 4967 4975 4979 5016 5018 5030 5031 5032 5042 5044 5045 5064 5066 5757 5763 5764 5765 5766 5767 5768 5769 
			5770 5771 5772 5773 5774 5775 5791 5792 5793 5794 5795 5796 5797 5798 5799 5800 5802 5803 5017 5814 5815 5821 5822 5823 5826 5827 5830 
			5832 5833 5834 5835 5836 5838 5839 5840 5841 5843 5844 5845 5847 5848 5849 5850 5851 5852 5853 5854 5855 5856 5857 5858
			
		### END colonial_california ###
	}
}

natives_american_ma = {
	graphical_culture = southamericagfx
	color = { 255  255  0 }
	icon = 5
	
	unit = native_indian_archer
	
	provinces = {
		
		### START colonial_mexico from 00_colonial_regions.txt ###
		
			844 845 846 847 848 849 850 851 852 853 854 855 856 857 858 859 860 861 862 863 864 865 866 2614 2615 2616 2617 2618 2619 2620 2621 2622 
			2623 2624 2626 2627 2628 2629 2630 2631 2632 2633 2634 2635 2638 2641 2642 2643 2644 2645 2646 2647 2648 2649 2650 2651 2652 2657 2667 
			2668 4573 4574 4575 4576 4577 4578 4579 4580 4572 4571 4570 4581 4583 4598 4582 4584 4585 4586 4588 4590 4591 4606 4633 4640 4641 4642 4643 
			4644 4645 4646 4647 4648 4649 4650 4964 5020 5043 5061 5063 5859 5860 5861 5862
		
		### END colonial_mexico ###
		
		### START colonial_texas from 00_colonial_regions.txt ###
		
			883 884 885 886 887 888 2497 2498 2499 2500 2665 2666 2669 4627 4628 4629 4909 4910 4911
		
		### END colonial_texas ###
		
		### START colonial_central_america from 00_colonial_regions.txt ###
		
			836 837 839 840 841 842 2636 2637 2640 2653 2660 2661 2662 2663 4587 4592 4593 4594 4597 
		
		### END colonial_central_america ###
		
	}
}

natives_american_sa = {
	graphical_culture = southamericagfx
	color = { 255  0  0 }
	icon = 6
	
	unit = native_indian_archer
	
	provinces = {
		
		### START colonial_cuba from 01_vu_colonial_regions.txt ###
		
			484 485 486 2654 2655 2656 4624 4622 4623 5572 5707
		
		### END colonial_cuba ###
		
		### START colonial_hispaniola from 01_vu_colonial_regions.txt ###
		
			488 489 490 2658 2659 4618 4619 4620 4621 5563 5565 5567 5706 5708
		
		### END colonial_hispaniola ###
		
		### START colonial_bahamas from 01_vu_colonial_regions.txt ###
		#
		#	481 482 483 5574 5575 5576 5577
		#
		### END colonial_bahamas ###
		
		### START colonial_the_carribean from 00_colonial_regions.txt ###
		
			492 493 494 495 496 497 498 499 500 501 502 1881 5581 5582 5583 5584 5585 5586
			
			481 482 483 5574 5575 5576 5577
		
		### END colonial_the_carribean ###
		
		### START colonial_venezuela from 00_colonial_regions.txt ###
		
			741 742 830 831 834 2803 2804 2805 2807 2808 2809 2810 2811 2813 2939 4609 4610 4611 4612 4613 4615 4616 4617
		
		### END colonial_venezuela ###
		
		### START colonial_colombia from 00_colonial_regions.txt ###
		
			822 823 824 825 826 827 828 829 832 835 838 2664 2806 2812 2814 2815 2816 2817 2818 2819 4595 4596 4599 4600 4601 4602 4603 4607 4608 4614 
			5141 6101 6102
			
		### END colonial_colombia ###
		
		### START colonial_guyana from 01_vu_colonial_regions.txt ###
		
			743 744 2931 3025 3026 #Guyana
			745 2937 3027 3029 3030 #Suriname
			746 3033 3031 3035 3037 #Guiana
		
		### END colonial_guyana ###
		
		### START colonial_suriname from 01_vu_colonial_regions.txt ###
		#
		#	745 2937 3027 3029 3030
		#
		### END colonial_suriname ###
		
		### START colonial_guiana from 01_vu_colonial_regions.txt ###
		#
		#	746 3033 3031 3035 3037
		#
		### END colonial_guiana ###
		
		### START colonial_ecuador from 00_colonial_regions.txt ###
		
			815 817 818 819 820 821 2002 2820 3022 4604 4605 5336 6098 6099 6100
		
		### END colonial_ecuador ###
		
		### START colonial_peru from 00_colonial_regions.txt ###
		
			804 805 806 807 808 809 810 811 812 813 814 816 2821 2822 2823 2824 2825 2826 2827 2828 2829 2830 2833 2943 2944 2945 2947 7000
		
		### END colonial_peru ###
		
		### START colonial_bolivia from 00_colonial_regions.txt ###
		
			793 795 796 797 800 801 802 803 2831 2832 2834 2835 2838 2882 2940 2941 2942 2946
		
		### END colonial_bolivia ###
		
		### START colonial_chile from 00_colonial_regions.txt ###
			
			783 784 787 792 2862 2873 2874
		
		### END colonial_chile ###
		
		### START colonial_paraguay from 00_colonial_regions.txt ###
		#
		#	775 799 2858 2859 2883 
		#
		### END colonial_paraguay ###
		
		### START colonial_la_plata from 00_colonial_regions.txt ###
		
			772 773 775 777 778 779 780 781 782 785 786 790 791 794 799 2836 2837 2842 2843 2844 2845 2847 2846 2848 2849 2850 2851 2852 2853 
			2854 2855 2858 2859 2860 2861 2863 2865 2866 2867 2868 2869 2870 2871 2872 2875 2876 2877 2878 2883 5337
		
		### END colonial_la_plata ###
		
		### START colonial_uruguay from 00_colonial_regions.txt ###
		#
		#	772 773 2850 2851 2852
		#
		### END colonial_uruguay ###
		
		### START colonial_patagonia from 01_vu_colonial_regions.txt ###
		#
		#	780 781 782 785 786 2863 2867 2868 2869 2870 2871 2872 2875 2876
		#
		### END colonial_patagonia ###
		
		### START colonial_brazil from 00_colonial_regions.txt ###
		
			759 761 762 763 764 765 766 2891 2892 2894 2896 2897 2898 2899 3079 3082 3086 3088 3090 3093 3100 3106 3109 3141 3143 3163 3166 3171 3172
			3173 3176 3184 3191 8751 8752 8753 8754 8755 8756 8757 8758 8759 8760 8761 8762 8763
			
			747 748 2889 2890 2928 2929 2930 2933 2934 2935 2938 6089 6090 6091 6092 6093 6094 6095 6096 6097 6103 6104 6105 6106 6107 6109 6110 6111 
			6112 6113 6114 6115 6116 6117 6118 6119 6120 6121 6122 6123 6124 6125 8745 8748 8750
			
			760 768 769 2857 2879 2884 2887 2895 3192 3205 3208 3210 3211 3212 3215 3216 3217 3249 3255 3257 3258 3259 3260
			
			749 750 751 752 753 754 755 756 757 2885 2886 2912 2913 2914 2915 2916 2917 2921 2922 2923 2924 2925 2926 2927 3269 3059 3061 3062 3065
			3067 3072 3074 3078 3080 3084 6977 6978 8741
			
			758 776 2881 2888 2893 2900 2901 2902 2903 2904 2905 2907 2908 2909 2910 2911 2919 2920 6126 8742
		
		### END colonial_brazil ###
		
		### START colonial_amazonia from 01_vu_colonial_regions.txt ###
		#
		#	747 748 2889 2890 2928 2929 2930 2933 2934 2935 2938 6089 6090 6091 6092 6093 6094 6095 6096 6097 6103 6104 6105 6106 6107 6109 6110 6111
		#	6112 6113 6114 6115 6116 6117 6118 6119 6120 6121 6122 6123 6124 6125 8745 8748 8750
		#
		### END colonial_amazonia ###
		
		### START colonial_rio_grande from 01_vu_colonial_regions.txt ###
		#
		#	760 768 769 2857 2879 2884 2887 2895 3192 3205 3208 3210 3211 3212 3215 3216 3217 3249 3255 3257 3258 3259 3260
		#
		### END colonial_rio_grande ###
		
		### START colonial_maranhao from 01_vu_colonial_regions.txt ###
		#
		#	749 750 751 752 753 754 755 756 757 2885 2886 2912 2913 2914 2915 2916 2917 2921 2922 2923 2924 2925 2926 2927 3269 3059 3061 3062 3065
		#	3067 3072 3074 3078 3080 3084 6977 6978 8741
		#
		### END colonial_maranhao ###
		
		### START colonial_mato_grosso from 01_vu_colonial_regions.txt ###
		#
		#	758 776 2881 2888 2893 2900 2901 2902 2903 2904 2905 2907 2908 2909 2910 2911 2919 2920 6126 8742
		#
		### END colonial_mato_grosso ###
		
	}
}

natives_african = {
	graphical_culture = africangfx
	color = { 180  180  80 }
	icon = 2
	
	unit = african_spearmen
	
	provinces = {
	
		### START colonial_cape from 01_vu_colonial_regions.txt ###
		
			789 833 1175 1176 1177 1178 1179 1181 5371 5372 5373 5374 2856 2864 2880 4781 4782 4783 4784 5347 5360 5362 5363 5365 5366 5367 5376 5378 5380 5381 5383 5384 5385 5408 5409 5410 5411 5412 5413 5414 5415 5416 5417 5418 5419 5420 5421 5422 5423 5424	5340 5341 5342 5343 5344 5345 5346 5348 5349 5350 5351 5352 5353 5354 5355 5356 5357 5361 5368 5428 5358 5359 1180 5370
		
		### END colonial_cape ###
		
		### START trade_company_alexandria from 00_trade_companies.txt ###
		
			358 359 360 361 362 363 364 365 1233 1234 1231 2315 2316 2317 2318 2319 2320 2321 2322 2325 2323 4316 4317 4318 4319 4320 4321 4322 4323 5181 5261 5264 5267 5271 5272 5273 5278 5301
		
		### END trade_company_alexandria ###
		
		### START trade_company_napoli from 00_trade_companies.txt ###
		
		# Note : This is actually Libya, not Naples.
		
			354 355 356 357 1795 2326 2448 2449 2451 2452 2474 4567 5274 5303 5304 5306 5307 5309 5310 5311 6601 6602 6603 6671 6954 6955 6958 6959
		
		### END trade_company_napoli ###
		
		### START trade_company_valencia from 00_trade_companies.txt ###
		
		# Note : This is actually "Catalan Charter", not valencia. Also not Catalan.
		
			336 337 338 339 340 350 351 1127 1882 2456 2457 2458 2459 2461 2462 2463 2472 2475 4562 5221 5222 5223 5318 5319 5320 5321 5322 5323 5324 5325 5326 5327 5328 5329 6960
		
		### END trade_company_valencia ###
		
		### START trade_company_tunis from 00_trade_companies.txt ###
		
			341 352 353 2450 2453 2454 2455 2473 2954 4566 5224 5225 5312 5313 5314 5315 5316 5317 6072 8740
		
		### END trade_company_tunis ###
		
		### START trade_company_safi from 00_trade_companies.txt ###
		
			334 335 342 343 344 345 346 347 348 349 1110 1111 1751 2460 2464 2465 2466 2467 2468 2469 2470 4561 4563 4564 4568 5210 5211 5212 5213 5218 5219 5220 5226 5228 5229 6469 6952 6962 6963 6964 6965 6968 7479
		
		### END trade_company_safi ###
		
		### START trade_company_south_africa from 00_trade_companies.txt ###
		
			1174 5388 5389 5390 5391 5392 5393 5394 5395 5396 5397 5398 5399 5400 5401 5402 5404 5405 5386 5425 5387 5403 5406 5407 5427
		
		### END trade_company_south_africa ###
		
		
		#VU additions by San Felipe
		
		### START trade_company_angola from 00_trade_companies.txt ###
		
			798 1167 1168 1170 1171 1172 1801 2948 2949 4080 4082 4083 4084 4091 4093 4094 5266 5426 6517 6518 6520 6522 6523 6527 6528 6554 6557 
			6558 6567 6569 6570 6572 6586 6651 6652 6653 6654 6655 6656 6657 6658 6659 6660 6661 6662 6663 6664 6665 6666 6668 
		
		### END trade_company_angola ###
		
		### START trade_company_bissau from 01_vu_trade_companies.txt ### 
			
			1114 7368 7369 7370 7371 7372 7373 7374
		
		### END trade_company_bissau ###
		
		### START trade_company_benin from 01_vu_trade_companies.txt ###
		
			1141 1143 2291 2292   
		
		### END trade_company_benin ###
		
		### START trade_company_buganda from 01_vu_trade_companies.txt ###
		
			4062 4063 4064 4065 4066 4067 4069 4070 4074 4075 
		
		### END trade_company_buganda ###
		
		### START trade_company_burkina from 01_vu_trade_companies.txt ###
		
			1135 1136 1137 2252 2253 2265 2266 
		
		### END trade_company_burkina ###
		
		### START trade_company_cameroon from 01_vu_trade_companies.txt ###
		
			1162 1163 1164 2286 2287 7473 7474 7475 7476 7478 
		
		### END trade_company_cameroon ###
		
		### START trade_company_central_africa from 01_vu_trade_companies.txt ###
		
			2932 7131 7153 7477 7713
		
		### END trade_company_central_africa ###
		
		### START trade_company_chad from 01_vu_trade_companies.txt ###
		
			1158 1159 2288 6505 6521 6529 6530 6531 6541 6542 6545 6546 6556 6571 6587 6667 6674 6675 6676 6957
		
		### END trade_company_chad ###
		
		### START trade_company_ethiopia from 00_trade_companies.txt ###
		
			1099 1207 1208 1210 1211 1213 1214 1218 1223 1224 1227 1331 1799 2756 2757 2758 2759 2760 2761 2762 2763 2764 2767 2768 2769 2770 2771 
			2772 2773 2778 2779 2791 4158
		
		### END trade_company_ethiopia ###
		
		### START trade_company_gabon from 01_vu_trade_companies.txt ###
		
			1097 1165 1166 1169 1306 4078 4079 6669 7480 7481 7482 7483 7484 7485 7486 7487 7488 7489 7490 7491 7492 7493 7495
		
		### END trade_company_gabon ###
		
		### START trade_company_gambia from 01_vu_trade_companies.txt ###
		
			2239 7362 7363 7364 7365 7366 
		
		### END trade_company_gambia ###
		
		### START trade_company_ghana from 01_vu_trade_companies.txt ###
			
			1138 1139 2254 2255 2256 2257 2258 2267 5546 5718 5719
		
		### END trade_company_ghana ###
		
		### START trade_company_guinea from 01_vu_trade_companies.txt ###
		
			1117 1121 2241 5715 5716 7119 7121 7375 7376 7378 7382
		
		### END trade_company_guinea ###
		
		### START trade_company_ivory_coast from 01_vu_trade_companies.txt ###
		
			1125 1126 2251 5339 7247 7260 7261 7265 7471 7472
		
		### END trade_company_ivory_coast ###
		
		### START trade_company_kenya from 01_vu_trade_companies.txt ###
		
			1202 1203 1204 1925 4051 4052 4053 4054 4060 
		
		### END trade_company_kenya ###
		
		### START trade_company_kongo from 00_trade_companies.txt ###
		
			1796 1901 4068 4081 4085 4086 4087 4088 4089 4090 4092 4096 4097 4098 4099 4100 4101 4103 4104 4105 4109 6532 6534 6535 6536 6538 6539 
			6540 6669 7494 7497
		
		### END trade_company_kongo ###
		
		### START trade_company_liberia from 01_vu_trade_companies.txt ###
		
			1119 2242 7383 7384 7469 7470 7720
		
		### END trade_company_liberia ###
		
		### START trade_company_madagascar from 01_vu_trade_companies.txt ###
		
			1193 1194 1792 4021 4022 4023 4024 4025 4026 4027 4028 4029 4030 4031 4032 
		
		### END trade_company_madagascar ###
		
		### START trade_company_mali from 01_vu_trade_companies.txt ###
		
			1120 1122 1123 1124 1128 1129 1130 1131 1132 1133 1134 2243 2245 2247 2248 2249 2250 2259 2260 2261 2262 2263 2264 2269 2271 5335 6566
		
		### END trade_company_mali ###
		
		### START trade_company_mauritania from 01_vu_trade_companies.txt ###
		
			1112 1793 2244 2246 3032 3038 3041 6953 6961 6966 6967 6969 
		
		### END trade_company_mauritania ###
		
		### START trade_company_mozambique from 01_vu_trade_companies.txt ###
		
			788 1182 1183 1186 1187 1191 1192 1195 1800 1900 2951 2952 4034 4035 4036 4037 4038 4039 4048 4049 5382 6544
		
		### END trade_company_mozambique ###
		
		### START trade_company_namibia from 01_vu_trade_companies.txt ###
		
			1174 5388 5389 5390 5391 5392 5393 5394 5395 5396 5397 5398 5399 5400 5401 5402 5404 5405 5386 5425 5387 5403 5406 5407 5427
		
		### END trade_company_namibia ###
		
		### START trade_company_niger from 01_vu_trade_companies.txt ###
		
			1142 1156 2268 2270 2272 2273 2274 2275 2276 2277 2279 2282 2284 5305
		
		### END trade_company_niger ###
		
		### START trade_company_nigeria from 01_vu_trade_companies.txt ###
		
			1144 1145 1146 1147 1148 1149 1150 1151 1152 1153 1154 1155 1157 1160 1161 1249 2278 2280 2281 2283 2285 2289 2290 2293 2294 6591 
		
		### END trade_company_nigeria ###
		
		### START trade_company_senegal from 01_vu_trade_companies.txt ###
		
			1113 1115 1116 2237 2238 2240 3047 7357 7358 7359 7360 7361 7367 
		
		### END trade_company_senegal ###
		
		### START trade_company_sierra_leone from 01_vu_trade_companies.txt ###
		
			1118 5717 7379 7380 7381
		
		### END trade_company_sierra_leone ###
		
		### START trade_company_somalia from 01_vu_trade_companies.txt ###
		
			1205 1206 1209 1212 2024 2774 2775 2776 2777 2780 2781 2782 2783 2784 2785 2786 2788 2789 2790 2792 2793 2794 2795 2796
		
		### END trade_company_somalia ###
		
		### START trade_company_sudan from 01_vu_trade_companies.txt ###
		
			774 1216 1217 1219 1220 1221 1222 1225 1226 1228 1229 1232 2324 2797 2798 2799 2800 2801 2802 4033 4322 5277 5279 5280 5281 5282 5283 
			5284 5285 5286 5287 5289 5290 5300 5302 6503 6504 6506 6507 6508 6509 6510 6511 6512 6513 6514 6515 6516 6580 6581 6582 6588 6589 6590 
			6972 6973 
		
		### END trade_company_sudan ###
		
		### START trade_company_tanganyika from 01_vu_trade_companies.txt ###
		
			1273 1649 1798 1196 1197 1198 1199 1200 1201 1448 4041 4042 4043 4055 4056 4057 4058 4059 4061 4063 4067 4069 4070 4071 4072 4073 4076 
			4077 5144 5214 5215 5216 5338
		
		### END trade_company_tanganyika ###
		
		### START trade_company_togo from 01_vu_trade_companies.txt ###
		
			1140 2295 7069 7073 7116
		
		### END trade_company_togo ###
		
		### START trade_company_zambezi from 00_trade_companies.txt ###
		
			1184 1185 1188 1189 1190 2950 4040 4044 4045 4046 4047 4050 4095 4102 4106 4107 4108 5369
		
		### END trade_company_zambezi ###	
		
		
		#VU - DEPRECIATED
		### START trade_company_angola from 00_trade_companies.txt ###
		#
		#	798 1167 1168 1170 1171 1172 1801 2948 2949 4080 4082 4083 4084 4091 4093 4094 5426 
		#
		### END trade_company_angola ###
		### START trade_company_dongola_trade from 00_vu_13_trade_companies.txt ###
		#
		#	774 1216 1217 1219 1220 1221 1222 1225 1226 1228 1229 1232 2324 2797 2798 2799 2800 2801 2802 4033 5277 5279 5280 5281 5282 5283 5284 5285 5286 5287 5289 5290 5300 5302 6972 6973 
		#
		### END trade_company_dongola_trade ###
		### START trade_company_east_africa from 00_trade_companies.txt ###
		#
		#	788 1182 1183 1186 1187 1191 1192 1195 1800 1900 2951 2952 4034 4035 4036 4037 4038 4039 4048 4049 5382
		#
		### END trade_company_east_africa ###
		### START trade_company_ethiopia from 00_trade_companies.txt ###
		#
		#	1099 1205 1206 1207 1208 1209 1210 1211 1212 1213 1214 1215 1218 1223 1224 1227 1230 1331 1799 2024 2756 2757 2758 2759 2760 2761 2762 2763 2764 2765 2766 2767 2768 2769 2770 2771 2772 2773 2774 2775 2776 2777 2778 2779 2780 2781 2782 2783 2784 2785 2786 2787 2788 2789 2790 2791 2792 2793 2794 2795 2796 4158 5288 5298 5297
		#
		### END trade_company_ethiopia ###
		### START trade_company_great_lakes from 00_trade_companies.txt ###
		#
		#	1273 1649 1798 1925 1196 1197 1198 1199 1200 1201 1202 1203 1204 1448 4041 4042 4043 4051 4052 4053 4054 4055 4056 4057 4058 4059 4060 4061 4062 4063 4064 4065 4066 4067 4069 4070 4071 4072 4073 4074 4075 4076 4077  
		#
		### END trade_company_great_lakes ###
		### START trade_company_katsina from 00_trade_companies.txt ###
		#
		#	1144 1145 1146 1148 1149 1150 1152 1153 1154 1155 1156 1157 1158 1159 1160 1161 1162 1249 2272 2273 2274 2275 2276 2277 2278 2279 2280 2281 2282 2283 2284 2285 2286 2287 2288 2293 2932 6957 7473 7474 7475 7476 7477
		#
		### END trade_company_katsina ###
		### START trade_company_kongo from 00_trade_companies.txt ###
		#
		#	1796 4068 4081 4085 4086 4087 4088 4089 4090 4092 4096 4097 4098 4099 4100 4101 4103 4104 4105 4109 7494 7497
		#
		### END trade_company_kongo ###
		### START trade_company_gulf_of_aden from 00_trade_companies.txt ###
		# Note : This is actually Madagascar
		#
		#	1100 1102 1103 1193 1194 1792 4020 4021 4022 4023 4024 4025 4026 4027 4028 4029 4030 4031 4032 5093 8545
		#
		### END trade_company_gulf_of_aden ###
		### START trade_company_timbuktu from 00_trade_companies.txt ###
		#
		#	2291 1115 2237 2240 1122 2251 1135 1137 2265 2266 1136 2295 2256 2267 2252 2253 2254 2255 1138 1129 2247 1120 1121 1124 1123 1130 1131 1132 1134 1133 1142 1793 2243 2244 2245 2246 2248 2249 2250 2259 2260 2261 2262 2263 2264 2268 2269 2270 2271 1128 2292 1143 6953 6961 6966 6967 6969 
		#
		### END trade_company_timbuktu ###
		### START trade_company_west_africa from 00_trade_companies.txt ###
		#
		#	1096 1097 1112 1113 1114 1116 1117 1118 1119 1125 1126 1139 1140 1141 1147 1151 1163 1164 1165 1166 1306 1466 2238 2239 2241 2242 2257 2258 2289 2290 2294 4078 4079 7357 7358 7359 7360 7361 7362 7363 7364 7365 7366 7367 7368 7369 7370 7371 7372 7373 7374 7375 7376 7378 7379 7380 7381 7382 7383 7384 7469 7470 7471 7472 7478 7480 7481 7482 7483 7484 7485 7486 7487 7488 7489 7490 7491 7492 7493 7495 
		#	#1098 #Deprecated because it belongs to an area in La Plata
		#	#Inland Kongo in Ivory Coast tradenode due to 1.30
		#	1901 1169 
		#
		### END trade_company_west_africa ###
		### START trade_company_zambezi from 00_trade_companies.txt ###
		#
		#	1184 1185 1188 1189 1190 2950 4040 4044 4045 4046 4047 4050 4095 4102 4106 4107 4108 5369
		#
		### END trade_company_zambezi ###
		
		
		
		
	}
}

natives_asian = {
	graphical_culture = indiangfx
	color = { 255  255  80 }
	icon = 3
	
	unit = east_asian_spearmen
	
	provinces = {
		
		### START colonial_polynesia from 01_vu_colonial_regions.txt ###
		
			1106 1107 1108 1109 1246 2737 2738 2739 4939 5021 5022 5597 5598 5599 5600 5601 5602 5603 5604 5605 5606 5607 5608 5609 5610
		
		### END colonial_polynesia ###
		
		### START colonial_australia from 00_colonial_regions.txt ###
		
			1084 1085 1086 1087 1088 1089 1090 1091 1092 1093 1094 1790 1791 2726 2727 2728 2729 2730 2731 2732 2733 2734 2735 2736 4846 4847 4848 4849 4850 4851 4852 4853 4854 4855 4856 4857 4858 4859 4860 4861 4862 4863 4864 4865 4866 4867 4868 4869 6174 6175 6176 6177 6178 6179 6180 6181 6182 6183 6184 6185 6186 6187 6188 6189 6191 6190 6192 6193 6194 6195 6196 6197 6297 6198 6199 6200 6201 6202 6203 6204 6205 6206 6207 6208 6209 6210 6211 6212 6213 6214 6215 6998 6999
		
		### END colonial_australia ###
		
		### START trade_company_philippines from 00_trade_companies.txt ###
		
			651 652 653 654 655 656 657 658 1397 2697 2698 2699 2700 2701 2702 4348 4349 4350 4351 4352 4353 4354 4355 4356 6981 6983 7160 7161 7165 7166 7167 7168 7169 7170 7171 7172 7173 7174 7175 7176 7177 7178 7179 7180 7181 7182 7183 7184 7185 7188 7189 8267 8268 8269 8270 8271 8272 8273 8274 8275 8276 8277 8278 8279 8280 8281 8282 8283 8284 8285 8286 8287 8288 8289 8290 8291 8292 8293 8294 8295 8296 8297 8298 8299 8709 8710 8711 8712 8713 8714 8715 8716 8720 8721
		
		### END trade_company_philippines ###
		
		### START trade_company_indonesia from 00_trade_companies.txt ###
			
			617 618 619 620 621 622 623 624 625 626 627 628 629 630 631 632 633 634 635 638 639 640 641 642 643 644 645 646 647 648 649 650 659 1357 2673 2674 2675 2676 2677 2678 2679 2680 2681 2682 2683 2684 2685 2686 2687 2688 2689 2690 2691 2692 2693 2696 2695 2706 2707 2708 2709 2710 2711 2712 2713 2714 2715 2716 2717 2725 4790 4791 4792 4793 4794 4795 4796 4797 4798 4799 4800 4801 4802 4803 4809 4810 4811 4816 4817 4818 4845 5217 5438 5439 5440 5441 5442 5443 5444 5445 5446 5447 5448 5449 5450 5451 8544 8547 8550 8557 8558 8559 8563 8564 8565 8569 8571 8601 8602 8603 8604 8605 8606 8607 8611 8612 8613 8614 8615 8616 8619 8620 8621 8622 8623 8626 8627 8630 8631 8632 8633 8635 8634 8680 8686 8687 8688 8689 8690 8691 8692 8693 8694 8695 8696 8697 8698 8699 8702 8703 8704 8705 8706 8707 8708 8717 8718 8719 8722 8723 8724 8725 8726 8727
		
		### END trade_company_indonesia ###
		
		### START trade_company_hormuz from 00_trade_companies.txt ###
		
			383 384 385 386 387 388 389 390 391 392 393 394 395 396 397 398 399 400 401 402 403 404 1335 1779 2327 2328 2329 2330 2331 2332 2333 2335 2336 2337 2338 2339 2341 2342 2343 2344 2345 2346 2347 4268 4269 4272 4273 4274 4275 4276 4277 4278 4279 4280 4281 4282 4283 4284 4285 4286 4287 5231 5232 5233 5235 5239 5241 5243 5244 5246 5249 5250 5251 5256 5333 5334 7458 7459 7461 7462 7463 7464 7465 7466 7467 7468 
		
		### END trade_company_hormuz ###
		
		### START trade_company_polynesia from 01_vu_trade_companies.txt ###
		
			1235 1240 1241 1243 1244 1692 1987 1988 1989 1990 1991 1992 1993 1994 1995 1996 1997 4934 4935 4936 5023 5024 5025 5026 5029 5817 5818 6971 
		
		### END trade_company_polynesia ###
		
		    738 2154 2155 6984 6985 7162 8548 8549 8555 # Taiwan
		
		574 # The Andamans
		8581 # Nicobar Islands
		
		#VU additions by San Felipe
		### START colonial_fiji from 01_vu_colonial_regions.txt ###
		
			1242 4937 4938 5269 5270 5275
		
		### END colonial_fiji ###
		
		### START colonial_new_caledonia from 01_vu_colonial_regions.txt ###
		
			1986 5262 5263 5265 5268
		
		### END colonial_new_caledonia ###
		
		### START colonial_papua from 01_vu_colonial_regions.txt ###
		
			1236 1237 1245 2718 2719 2720 2721 2722 2723 2724 
		
		### END colonial_papua ###
		
		### START colonial_solomons from 01_vu_colonial_regions.txt ###
		
			1238 5202 5204 5234 5236 5237 5238 5240 5242 5245 5247 5248
		
		### END colonial_solomons ###
		
		### START colonial_vanuatu from 01_vu_colonial_regions.txt ###
		
			1239 5252 5253 5254 5257 5258 5259 5260
		
		### END colonial_vanuatu ###
		
		### START colonial_jamaica from 01_vu_colonial_regions.txt ###
			
			487 843 3023 3024 4589 5709 5710
		
		### END colonial_jamaica ###
	}
}

natives_siberian = {
	graphical_culture = inuitgfx
	color = { 127  255  255 }
	icon = 4
	
	unit = mongol_bow
	
	provinces = {
		
		### START trade_company_white_sea from 00_trade_companies.txt ###
		
			313 1776 1777 1955 1958 2425 3282 3284 3285 4122 4257 4258 5648 5649 5650 5673 5674 5675 5677 5678 1072 7865 7866 4129 4256 4259 5647 5652 309 1652 7496
		
		### END trade_company_white_sea ###
		
		### START trade_company_siberia from 00_trade_companies.txt ###
		
			479 480 716 1034 1035 1036 1037 1038 1039 1040 1041 1042 1043 1044 1045 1046 1047 1051 1052 1054 1055 1056 1057 1058 1059 1060 1061 1062 1063 1064 1065 1066 1067 1068 1069 1070 1071 1073 1074 1075 1076 1078 1080 1780 1781 1782 2102 2438 2439 2440 2441 2442 2443 2445 2446 2354 2357 2369 2427 2428 2429 2430 2431 2432 2433 2434 2436 2437 2435 4686 4687 4688 4689 4690 4691 4692 
		
		### END trade_company_siberia ###
		
		1032 # The Kurils
		1033 # Sakhalin
		
	}
}
